function [rf,rho, target_flip_angle, bw, duration] = get_spsatc()
rf = [0,0,0.00003,0.00009,0.00015,0.00021,0.00027,0.00027,0.00034,0.00034,0.00027,0.00027,0.00018,0.00006,...
    0.00003,0.00021,0.00040,0.00058,0.00076,0.00092,0.00104,0.00110,0.00116,0.00107,0.00089,0.00058,0.00024,...
    0.00021,0.00079,0.00140,0.00204,0.00262,0.00317,0.00357,0.00372,0.00366,0.00320,0.00244,0.00125,0.00052,...
    0.00250,0.00491,0.00769,0.01062,0.01367,0.01676,0.01975,0.02249,0.02494,0.02689,0.02832,0.02915,0.02939,...
    0.02909,0.02832,0.02710,0.02555,0.02378,0.02185,0.01993,0.01813,0.01648,0.01505,0.01389,0.01306,0.01245,...
    0.01212,0.01193,0.01190,0.01203,0.01218,0.01236,0.01260,0.01273,0.01288,0.01297,0.01294,0.01288,0.01279,...
    0.01260,0.01239,0.01218,0.01203,0.01187,0.01172,0.01172,0.01178,0.01193,0.01221,0.01251,0.01297,0.01346,...
    0.01401,0.01471,0.01544,0.01618,0.01697,0.01782,0.01877,0.01972,0.02075,0.02182,0.02292,0.02402,0.02521,...
    0.02640,0.02762,0.02884,0.03015,0.03141,0.03266,0.03394,0.03525,0.03656,0.03781,0.03910,0.04038,0.04160,0.04285,...
    0.04407,0.04523,0.04639,0.04752,0.04865,0.04975,0.05079,0.05179,0.05274,0.05365,0.05460,0.05539,0.05619,0.05692,...
    0.05762,0.05829,0.05884,0.05936,0.05982,0.06022,0.06055,0.06086,0.06107,0.06119,0.06128,0.06132,0.06125,0.06113,...
    0.06095,0.06071,0.06040,0.06000,0.05961,0.05906,0.05851,0.05790,0.05729,0.05655,0.05582,0.05506,0.05423,0.05344,...
    0.05262,0.05179,0.05094,0.05014,0.04938,0.04865,0.04801,0.04743,0.04697,0.04664,0.04642,0.04630,0.04639,0.04670,...
    0.04712,0.04776,0.04859,0.04963,0.05085,0.05225,0.05387,0.05567,0.05759,0.05970,0.06193,0.06434,0.06681,0.06937,...
    0.07209,0.07487,0.07767,0.08060,0.08356,0.08656,0.08961,0.09263,0.09574,0.09879,0.10188,0.10487,0.10795,0.11094,...
    0.11396,0.11686,0.11982,0.12263,0.12544,0.12816,0.13087,0.13344,0.13594,0.13832,0.14064,0.14290,0.14500,0.14708,...
    0.14894,0.15077,0.15248,0.15401,0.15547,0.15678,0.15800,0.15904,0.15999,0.16078,0.16142,0.16200,0.16243,0.16267,...
    0.16283,0.16286,0.16277,0.16252,0.16222,0.16182,0.16124,0.16063,0.15990,0.15907,0.15822,0.15727,0.15629,0.15532,...
    0.15434,0.15327,0.15230,0.15135,0.15037,0.14958,0.14888,0.14824,0.14778,0.14750,0.14738,0.14750,0.14784,0.14842,...
    0.14934,0.15053,0.15196,0.15376,0.15584,0.15831,0.16103,0.16414,0.16750,0.17116,0.17519,0.17946,0.18404,0.18880,...
    0.19390,0.19911,0.20467,0.21029,0.21618,0.22216,0.22835,0.23461,0.24099,0.24746,0.25399,0.26058,0.26724,0.27386,...
    0.28051,0.28717,0.29385,0.30044,0.30700,0.31351,0.31995,0.32626,0.33252,0.33865,0.34473,0.35059,0.35636,0.36200,...
    0.36743,0.37268,0.37781,0.38276,0.38755,0.39206,0.39646,0.40061,0.40458,0.40833,0.41187,0.41520,0.41831,0.42121,...
    0.42390,0.42637,0.42863,0.43064,0.43250,0.43415,0.43562,0.43687,0.43794,0.43885,0.43965,0.44026,0.44071,0.44108,...
    0.44129,0.44142,0.44151,0.44154,0.44151,0.44148,0.44151,0.44148,0.44154,0.44172,0.44200,0.44239,0.44291,0.44364,...
    0.44456,0.44575,0.44712,0.44883,0.45085,0.45317,0.45588,0.45893,0.46235,0.46617,0.47041,0.47508,0.48015,0.48564,...
    0.49156,0.49791,0.50465,0.51183,0.51940,0.52736,0.53572,0.54445,0.55352,0.56289,0.57262,0.58260,0.59286,0.60339,...
    0.61410,0.62509,0.63617,0.64740,0.65884,0.67032,0.68195,0.69358,0.70523,0.71695,0.72867,0.74027,0.75190,0.76344,...
    0.77485,0.78617,0.79734,0.80839,0.81920,0.82991,0.84029,0.85054,0.86055,0.87023,0.87963,0.88881,0.89767,0.90624,...
    0.91442,0.92223,0.92977,0.93694,0.94378,0.95019,0.95629,0.96191,0.96722,0.97207,0.97656,0.98068,0.98437,0.98770,...
    0.99054,0.99304,0.99518,0.99689,0.99823,0.99918,0.99979,1,0.99991,0.99942,0.99860,0.99750,0.99609,0.99432,0.99234,...
    0.99011,0.98761,0.98483,0.98187,0.97876,0.97540,0.97189,0.96829,0.96454,0.96072,0.95684,0.95285,0.94888,0.94488,0.94091,...
    0.93701,0.93307,0.92925,0.92553,0.92190,0.91848,0.91512,0.91198,0.90905,0.90621,0.90365,0.90133,0.89925,0.89742,0.89577,...
    0.89443,0.89333,0.89251,0.89193,0.89162,0.89159,0.89177,0.89223,0.89293,0.89385,0.89498,0.89626,0.89779,0.89953,0.90139,...
    0.90337,0.90548,0.90774,0.91009,0.91247,0.91497,0.91750,0.92001,0.92254,0.92504,0.92751,0.92996,0.93234,0.93463,0.93679,...
    0.93884,0.94082,0.94265,0.94430,0.94583,0.94717,0.94830,0.94931,0.95010,0.95068,0.95114,0.95135,0.95135,0.95114,0.95068,...
    0.95010,0.94931,0.94830,0.94717,0.94583,0.94430,0.94265,0.94082,0.93884,0.93679,0.93463,0.93234,0.92996,0.92751,0.92504,...
    0.92254,0.92001,0.91750,0.91497,0.91247,0.91009,0.90774,0.90548,0.90337,0.90139,0.89953,0.89779,0.89626,0.89498,0.89385,...
    0.89293,0.89223,0.89177,0.89159,0.89162,0.89193,0.89251,0.89333,0.89443,0.89577,0.89742,0.89925,0.90133,0.90365,0.90621,...
    0.90905,0.91198,0.91512,0.91848,0.92190,0.92553,0.92925,0.93307,0.93701,0.94091,0.94488,0.94888,0.95285,0.95684,0.96072,...
    0.96454,0.96829,0.97189,0.97540,0.97876,0.98187,0.98483,0.98761,0.99011,0.99234,0.99432,0.99609,0.99750,0.99860,0.99942,...
    0.99991,1,0.99979,0.99918,0.99823,0.99689,0.99518,0.99304,0.99054,0.98770,0.98437,0.98068,0.97656,0.97207,0.96722,0.96191,...
    0.95629,0.95019,0.94378,0.93694,0.92977,0.92223,0.91442,0.90624,0.89767,0.88881,0.87963,0.87023,0.86055,0.85054,0.84029,...
    0.82991,0.81920,0.80839,0.79734,0.78617,0.77485,0.76344,0.75190,0.74027,0.72867,0.71695,0.70523,0.69358,0.68195,0.67032,...
    0.65884,0.64740,0.63617,0.62509,0.61410,0.60339,0.59286,0.58260,0.57262,0.56289,0.55352,0.54445,0.53572,0.52736,0.51940,...
    0.51183,0.50465,0.49791,0.49156,0.48564,0.48015,0.47508,0.47041,0.46617,0.46235,0.45893,0.45588,0.45317,0.45085,0.44883,...
    0.44712,0.44575,0.44456,0.44364,0.44291,0.44239,0.44200,0.44172,0.44154,0.44148,0.44151,0.44148,0.44151,0.44154,0.44151,...
    0.44142,0.44129,0.44108,0.44071,0.44026,0.43965,0.43885,0.43794,0.43687,0.43562,0.43415,0.43250,0.43064,0.42863,0.42637,...
    0.42390,0.42121,0.41831,0.41520,0.41187,0.40833,0.40458,0.40061,0.39646,0.39206,0.38755,0.38276,0.37781,0.37268,0.36743,...
    0.36200,0.35636,0.35059,0.34473,0.33865,0.33252,0.32626,0.31995,0.31351,0.30700,0.30044,0.29385,0.28717,0.28051,0.27386,...
    0.26724,0.26058,0.25399,0.24746,0.24099,0.23461,0.22835,0.22216,0.21618,0.21029,0.20467,0.19911,0.19390,0.18880,0.18404,...
    0.17946,0.17519,0.17116,0.16750,0.16414,0.16103,0.15831,0.15584,0.15376,0.15196,0.15053,0.14934,0.14842,0.14784,0.14750,...
    0.14738,0.14750,0.14778,0.14824,0.14888,0.14958,0.15037,0.15135,0.15230,0.15327,0.15434,0.15532,0.15629,0.15727,0.15822,...
    0.15907,0.15990,0.16063,0.16124,0.16182,0.16222,0.16252,0.16277,0.16286,0.16283,0.16267,0.16243,0.16200,0.16142,0.16078,0.15999,...
    0.15904,0.15800,0.15678,0.15547,0.15401,0.15248,0.15077,0.14894,0.14708,0.14500,0.14290,0.14064,0.13832,0.13594,0.13344,0.13087,...
    0.12816,0.12544,0.12263,0.11982,0.11686,0.11396,0.11094,0.10795,0.10487,0.10188,0.09879,0.09574,0.09263,0.08961,0.08656,0.08356,...
    0.08060,0.07767,0.07487,0.07209,0.06937,0.06681,0.06434,0.06193,0.05970,0.05759,0.05567,0.05387,0.05225,0.05085,0.04963,0.04859,...
    0.04776,0.04712,0.04670,0.04639,0.04630,0.04642,0.04664,0.04697,0.04743,0.04801,0.04865,0.04938,0.05014,0.05094,0.05179,0.05262,...
    0.05344,0.05423,0.05506,0.05582,0.05655,0.05729,0.05790,0.05851,0.05906,0.05961,0.06000,0.06040,0.06071,0.06095,0.06113,0.06125,...
    0.06132,0.06128,0.06119,0.06107,0.06086,0.06055,0.06022,0.05982,0.05936,0.05884,0.05829,0.05762,0.05692,0.05619,0.05539,0.05460,...
    0.05365,0.05274,0.05179,0.05079,0.04975,0.04865,0.04752,0.04639,0.04523,0.04407,0.04285,0.04160,0.04038,0.03910,0.03781,0.03656,...
