function [rf, rho] = get_ks_adinv_sh3t2()
% returns the pulse amplitude saled from -1 to 1.0

rf = [0,0.14197,0.14386,0.14579,0.14771,0.14966,0.15168,0.15366,0.15571,0.15778,0.15986,0.16199,0.16413,...
    0.16630,0.16849,0.17072,0.17298,0.17527,0.17759,0.17994,0.18232,0.18473,0.18717,0.18961,0.19211,...
    0.19465,0.19721,0.19980,0.20243,0.20508,0.20780,0.21052,0.21326,0.21607,0.21891,0.22178,0.22468,...
    0.22761,0.23057,0.23359,0.23664,0.23972,0.24284,0.24601,0.24921,0.25245,0.25571,0.25904,0.26240,...
    0.26579,0.26923,0.27271,0.27622,0.27979,0.28339,0.28703,0.29072,0.29444,0.29823,0.30204,0.30589,...
    0.30979,0.31376,0.31776,0.32179,0.32588,0.33000,0.33418,0.33842,0.34266,0.34700,0.35136,0.35575,...
    0.36021,0.36473,0.36927,0.37388,0.37852,0.38322,0.38795,0.39274,0.39760,0.40248,0.40742,0.41240,...
    0.41743,0.42253,0.42766,0.43284,0.43806,0.44334,0.44865,0.45402,0.45946,0.46492,0.47041,0.47597,...
    0.48158,0.48723,0.49293,0.49867,0.50444,0.51027,0.51616,0.52208,0.52803,0.53404,0.54009,0.54616,...
    0.55226,0.55843,0.56462,0.57085,0.57714,0.58342,0.58977,0.59612,0.60253,0.60894,0.61541,0.62188,...
    0.62838,0.63491,0.64147,0.64803,0.65462,0.66124,0.66787,0.67449,0.68114,0.68780,0.69445,0.70110,...
    0.70779,0.71444,0.72112,0.72777,0.73443,0.74105,0.74767,0.75430,0.76089,0.76745,0.77401,0.78054,...
    0.78701,0.79348,0.79989,0.80627,0.81262,0.81890,0.82516,0.83132,0.83746,0.84353,0.84954,0.85549,...
    0.86135,0.86715,0.87286,0.87851,0.88406,0.88952,0.89489,0.90017,0.90536,0.91043,0.91540,0.92026,...
    0.92499,0.92962,0.93414,0.93851,0.94278,0.94690,0.95090,0.95474,0.95846,0.96203,0.96545,0.96872,...
    0.97186,0.97482,0.97766,0.98032,0.98282,0.98514,0.98733,0.98932,0.99115,0.99283,0.99432,0.99564,...
    0.99680,0.99777,0.99857,0.99918,0.99963,0.99991,1,0.99991,0.99963,0.99918,0.99857,0.99777,0.99680,...
    0.99564,0.99432,0.99283,0.99115,0.98932,0.98733,0.98514,0.98282,0.98032,0.97766,0.97482,0.97186,...
    0.96872,0.96545,0.96203,0.95846,0.95474,0.95090,0.94690,0.94278,0.93851,0.93414,0.92962,0.92499,...
    0.92026,0.91540,0.91043,0.90536,0.90017,0.89489,0.88952,0.88406,0.87851,0.87286,0.86715,0.86135,...
    0.85549,0.84954,0.84353,0.83746,0.83132,0.82516,0.81890,0.81262,0.80627,0.79989,0.79348,0.78701,...
    0.78054,0.77401,0.76745,0.76089,0.75430,0.74767,0.74105,0.73443,0.72777,0.72112,0.71444,0.70779,...
    0.70110,0.69445,0.68780,0.68114,0.67449,0.66787,0.66124,0.65462,0.64803,0.64147,0.63491,0.62838,...
    0.62188,0.61541,0.60894,0.60253,0.59612,0.58977,0.58342,0.57714,0.57085,0.56462,0.55843,0.55226,...
    0.54616,0.54009,0.53404,0.52803,0.52208,0.51616,0.51027,0.50444,0.49867,0.49293,0.48723,0.48158,...
    0.47597,0.47041,0.46492,0.45946,0.45402,0.44865,0.44334,0.43806,0.43284,0.42766,0.42253,0.41743,...
    0.41240,0.40742,0.40248,0.39760,0.39274,0.38795,0.38322,0.37852,0.37388,0.36927,0.36473,0.36021,...
    0.35575,0.35136,0.34700,0.34266,0.33842,0.33418,0.33000,0.32588,0.32179,0.31776,0.31376,0.30979,...
    0.30589,0.30204,0.29823,0.29444,0.29072,0.28703,0.28339,0.27979,0.27622,0.27271,0.26923,0.26579,...
    0.26240,0.25904,0.25571,0.25245,0.24921,0.24601,0.24284,0.23972,0.23664,0.23359,0.23057,0.22761,...
    0.22468,0.22178,0.21891,0.21607,0.21326,0.21052,0.20780,0.20508,0.20243,0.19980,0.19721,0.19465,...
    0.19211,0.18961,0.18717,0.18473,0.18232,0.17994,0.17759,0.17527,0.17298,0.17072,0.16849,0.16630,...
    0.16413,0.16199,0.15986,0.15778,0.15571,0.15366,0.15168,0.14966,0.14771,0.14579,0.14386,0.14197,0.14011,0];

    rho = [142.342,128.086,113.836,99.586,85.342,71.102,56.869,42.635,28.407,14.184,-0.027,-14.239,-28.445,-42.652,...
    -56.847,-71.036,-85.226,-99.405,-113.578,-127.746,-141.908,-156.065,-170.216,175.649,161.509,147.385,...
    133.261,119.149,105.041,90.945,76.854,62.769,48.700,34.631,20.579,6.532,-7.499,-21.529,-35.543,-49.551,...
    -63.549,-77.535,-91.511,-105.475,-119.423,-133.366,-147.292,-161.207,-175.111,171.007,157.131,143.270,...
    129.421,115.589,101.773,87.967,74.184,60.412,46.656,32.923,19.200,5.499,-8.174,-21.837,-35.483,-49.106,...
    -62.714,-76.294,-89.857,-103.399,-116.913,-130.410,-143.880,-157.323,-170.743,175.863,162.498,149.154,...
    135.838,122.549,109.293,96.065,82.869,69.702,56.567,43.465,30.396,17.359,4.362,-8.597,-21.524,-34.411,...
    -47.261,-60.071,-72.844,-85.572,-98.257,-110.903,-123.499,-136.052,-148.555,-161.014,-173.424,174.221,...
    161.915,149.659,137.458,125.312,113.221,101.185,89.209,77.294,65.439,53.650,41.921,30.258,18.661,7.136,...
    -4.318,-15.706,-27.017,-38.257,-49.425,-60.511,-71.514,-82.441,-93.285,-104.047,-114.721,-125.312,-135.810,...
    -146.215,-156.532,-166.750,-176.874,173.106,163.179,153.351,143.633,134.014,124.505,115.105,105.821,96.647,...
    87.583,78.639,69.817,61.115,52.534,44.080,35.752,27.550,19.480,11.547,3.741,-3.917,-11.443,-18.826,-26.072,...
    -33.170,-40.125,-46.931,-53.584,-60.088,-66.433,-72.630,-78.667,-84.539,-90.258,-95.812,-101.201,-106.420,...
    -111.480,-116.363,-121.082,-125.625,-129.993,-134.190,-138.205,-142.051,-145.710,-149.192,-152.494,-155.609,...
    -158.542,-161.295,-163.860,-166.239,-168.425,-170.430,-172.243,-173.869,-175.303,-176.550,-177.605,-178.467,...
    -179.138,-179.621,-179.907,-180.005,-179.907,-179.621,-179.138,-178.467,-177.605,-176.550,-175.303,-173.869,...
    -172.243,-170.430,-168.425,-166.239,-163.860,-161.295,-158.542,-155.609,-152.494,-149.192,-145.710,-142.051,...
    -138.205,-134.190,-129.993,-125.625,-121.082,-116.363,-111.480,-106.420,-101.201,-95.812,-90.258,-84.539,...
    -78.667,-72.630,-66.433,-60.088,-53.584,-46.931,-40.125,-33.170,-26.072,-18.826,-11.443,-3.917,3.741,11.547,...
    19.480,27.550,35.752,44.080,52.534,61.115,69.817,78.639,87.583,96.647,105.821,115.105,124.505,134.014,143.633,...
    153.351,163.179,173.106,-176.874,-166.750,-156.532,-146.215,-135.810,-125.312,-114.721,-104.047,-93.285,...
    -82.441,-71.514,-60.511,-49.425,-38.257,-27.017,-15.706,-4.318,7.136,18.661,30.258,41.921,53.650,65.439,...
    77.294,89.209,101.185,113.221,125.312,137.458,149.659,161.915,174.221,-173.424,-161.014,-148.555,-136.052,...
    -123.499,-110.903,-98.257,-85.572,-72.844,-60.071,-47.261,-34.411,-21.524,-8.597,4.362,17.359,30.396,43.465,...
    56.567,69.702,82.869,96.065,109.293,122.549,135.838,149.154,162.498,175.863,-170.743,-157.323,-143.880,...
    -130.410,-116.913,-103.399,-89.857,-76.294,-62.714,-49.106,-35.483,-21.837,-8.174,5.499,19.200,32.923,46.656,...
    60.412,74.184,87.967,101.773,115.589,129.421,143.270,157.131,171.007,-175.111,-161.207,-147.292,-133.366,-119.423,...
    -105.475,-91.511,-77.535,-63.549,-49.551,-35.543,-21.529,-7.499,6.532,20.579,34.631,48.700,62.769,76.854,90.945,...
    105.041,119.149,133.261,147.385,161.509,175.649,-170.216,-156.065,-141.908,-127.746,-113.578,-99.405,-85.226,-71.036,...
    -56.847,-42.652,-28.445,-14.239,-0.027,14.184,28.407,42.635,56.869,71.102,85.342,99.586,113.836,128.086,142.342,156.603]; % degree

end

