function rf = get_ks_ref_se1b4()

rf = [0,-0.00427,-0.00647,-0.00879,-0.01111,-0.01349,-0.01587,-0.01831,-0.02081,...
    -0.02338,-0.02594,-0.02857,-0.03119,-0.03388,-0.03656,-0.03931,-0.04206,-0.04480,...
    -0.04761,-0.05042,-0.05323,-0.05609,-0.05890,-0.06177,-0.06464,-0.06745,-0.07032,...
    -0.07319,-0.07599,-0.07886,-0.08167,-0.08448,-0.08722,-0.08997,-0.09272,-0.09540,...
    -0.09809,-0.10071,-0.10334,-0.10590,-0.10841,-0.11091,-0.11329,-0.11567,-0.11799,...
    -0.12025,-0.12244,-0.12452,-0.12659,-0.12861,-0.13050,-0.13233,-0.13404,-0.13569,...
    -0.13728,-0.13874,-0.14015,-0.14143,-0.14259,-0.14369,-0.14466,-0.14552,-0.14625,...
    -0.14686,-0.14735,-0.14778,-0.14802,-0.14814,-0.14814,-0.14802,-0.14771,-0.14729,...
    -0.14674,-0.14601,-0.14515,-0.14417,-0.14301,-0.14167,-0.14021,-0.13856,-0.13673,...
    -0.13477,-0.13264,-0.13032,-0.12788,-0.12519,-0.12238,-0.11933,-0.11616,-0.11280,...
    -0.10920,-0.10548,-0.10157,-0.09742,-0.09308,-0.08863,-0.08393,-0.07898,-0.07392,...
    -0.06861,-0.06311,-0.05744,-0.05158,-0.04547,-0.03919,-0.03272,-0.02600,-0.01911,...
    -0.01196,-0.00464,0.00269,0.01044,0.01837,0.02649,0.03485,0.04340,0.05219,0.06116,...
    0.07038,0.07972,0.08936,0.09913,0.10914,0.11939,0.12977,0.14039,0.15125,0.16224,...
    0.17347,0.18489,0.19648,0.20833,0.22035,0.23250,0.24489,0.25746,0.27016,0.28310,...
    0.29622,0.30947,0.32290,0.33645,0.35018,0.36410,0.37814,0.39230,0.40658,0.42105,...
    0.43557,0.45022,0.46499,0.47983,0.49472,0.50974,0.52475,0.53989,0.55503,0.57016,...
    0.58536,0.60056,0.61570,0.63084,0.64591,0.66093,0.67588,0.69078,0.70549,0.72014,...
    0.73454,0.74889,0.76299,0.77684,0.79051,0.80394,0.81707,0.82995,0.84246,0.85467,...
    0.86651,0.87798,0.88909,0.89971,0.90997,0.91973,0.92901,0.93780,0.94604,0.95379,...
    0.96094,0.96759,0.97363,0.97906,0.98389,0.98810,0.99170,0.99463,0.99695,0.99860,...
    0.99963,1,0.99969,0.99878,0.99713,0.99493,0.99200,0.98852,0.98437,0.97955,0.97418,...
    0.96820,0.96167,0.95453,0.94690,0.93866,0.92993,0.92071,0.91101,0.90081,0.89025,...
    0.87920,0.86779,0.85595,0.84380,0.83129,0.81847,0.80535,0.79198,0.77831,0.76445,...
    0.75041,0.73613,0.72166,0.70707,0.69236,0.67753,0.66258,0.64756,0.63248,0.61741,...
    0.60221,0.58707,0.57187,0.55674,0.54160,0.52646,0.51144,0.49643,0.48154,0.46670,...
    0.45193,0.43728,0.42276,0.40829,0.39401,0.37984,0.36581,0.35189,0.33816,0.32454,...
    0.31112,0.29787,0.28475,0.27181,0.25905,0.24654,0.23415,0.22194,0.20991,0.19807,...
    0.18647,0.17506,0.16383,0.15278,0.14192,0.13129,0.12086,0.11066,0.10065,0.09083,...
    0.08124,0.07184,0.06263,0.05365,0.04486,0.03632,0.02796,0.01978,0.01184,0.00409,...
    -0.00330,-0.01062,-0.01770,-0.02460,-0.03131,-0.03784,-0.04413,-0.05023,-0.05616,...
    -0.06183,-0.06733,-0.07264,-0.07770,-0.08265,-0.08735,-0.09186,-0.09620,-0.10029,...
    -0.10425,-0.10798,-0.11158,-0.11494,-0.11817,-0.12116,-0.12403,-0.12672,-0.12922,...
    -0.13154,-0.13368,-0.13563,-0.13746,-0.13911,-0.14057,-0.14192,-0.14308,-0.14411,...
    -0.14497,-0.14570,-0.14631,-0.14674,-0.14698,-0.14716,-0.14716,-0.14704,-0.14680,...
    -0.14643,-0.14594,-0.14533,-0.14460,-0.14375,-0.14283,-0.14173,-0.14057,-0.13929,...
    -0.13795,-0.13648,-0.13490,-0.13325,-0.13154,-0.12971,-0.12782,-0.12586,-0.12385,...
    -0.12171,-0.11958,-0.11732,-0.11500,-0.11268,-0.11024,-0.10779,-0.10529,-0.10273,...
    -0.10016,-0.09754,-0.09485,-0.09217,-0.08948,-0.08674,-0.08399,-0.08118,-0.07837,...
    -0.07557,-0.07276,-0.06989,-0.06708,-0.06421,-0.06141,-0.05854,-0.05573,-0.05292,...
    -0.05011,-0.04731,-0.04456,-0.04181,-0.03906,-0.03632,-0.03363,-0.03101,-0.02838,...
    -0.02576,-0.02319,-0.02069,-0.01819,-0.01575,-0.01337,-0.01099,-0.00867,-0.00641,-0.00421,-0.00201,0];
end