function rf = get_ks_exc_fse90()

rf = [0,0,-0.00006,-0.00037,-0.00092,-0.00177,-0.00299,-0.00464,-0.00678,-0.00922,...
    -0.01184,-0.01447,-0.01697,-0.01911,-0.02081,-0.02197,-0.02258,-0.02283,-0.02283,...
    -0.02265,-0.02240,-0.02228,-0.02234,-0.02265,-0.02307,-0.02374,-0.02448,-0.02533,...
    -0.02619,-0.02710,-0.02802,-0.02893,-0.02985,-0.03076,-0.03168,-0.03259,-0.03351,...
    -0.03443,-0.03528,-0.03620,-0.03705,-0.03791,-0.03876,-0.03961,-0.04041,-0.04126,...
    -0.04206,-0.04279,-0.04358,-0.04431,-0.04499,-0.04572,-0.04633,-0.04700,-0.04761,...
    -0.04816,-0.04865,-0.04914,-0.04956,-0.04999,-0.05030,-0.05060,-0.05078,-0.05097,...
    -0.05109,-0.05115,-0.05121,-0.05115,-0.05103,-0.05091,-0.05066,-0.05036,-0.04999,...
    -0.04950,-0.04901,-0.04840,-0.04767,-0.04688,-0.04602,-0.04511,-0.04401,-0.04291,...
    -0.04169,-0.04035,-0.03888,-0.03736,-0.03577,-0.03406,-0.03223,-0.03028,-0.02820,...
    -0.02606,-0.02381,-0.02142,-0.01892,-0.01630,-0.01355,-0.01068,-0.00769,-0.00452,...
    -0.00128,0.00171,0.00525,0.00885,0.01264,0.01654,0.02057,0.02472,0.02905,0.03345,...
    0.03803,0.04279,0.04761,0.05262,0.05774,0.06299,0.06842,0.07398,0.07966,0.08552,...
    0.09144,0.09754,0.10383,0.11018,0.11671,0.12336,0.13020,0.13709,0.14417,0.15138,...
    0.15870,0.16615,0.17378,0.18147,0.18934,0.19728,0.20540,0.21358,0.22194,0.23042,...
    0.23897,0.24770,0.25649,0.26540,0.27443,0.28353,0.29280,0.30208,0.31154,0.32100,...
    0.33065,0.34035,0.35012,0.35995,0.36990,0.37991,0.38998,0.40011,0.41030,0.42062,...
    0.43093,0.44131,0.45169,0.46213,0.47262,0.48318,0.49368,0.50430,0.51486,0.52548,...
    0.53604,0.54666,0.55728,0.56791,0.57847,0.58903,0.59958,0.61008,0.62058,0.63102,...
    0.64140,0.65177,0.66209,0.67228,0.68248,0.69261,0.70262,0.71257,0.72240,0.73222,...
    0.74187,0.75145,0.76091,0.77025,0.77947,0.78856,0.79753,0.80638,0.81511,0.82366,...
    0.83208,0.84032,0.84844,0.85638,0.86413,0.87170,0.87914,0.88635,0.89337,0.90026,...
    0.90685,0.91332,0.91955,0.92559,0.93145,0.93701,0.94244,0.94757,0.95251,0.95721,...
    0.96167,0.96594,0.96991,0.97369,0.97723,0.98047,0.98352,0.98627,0.98877,0.99109,...
    0.99310,0.99481,0.99634,0.99756,0.99860,0.99933,0.99976,1,0.99994,0.99969,0.99915,...
    0.99829,0.99725,0.99591,0.99438,0.99255,0.99048,0.98816,0.98566,0.98285,0.97980,...
    0.97650,0.97302,0.96924,0.96527,0.96106,0.95660,0.95196,0.94708,0.94201,0.93670,...
    0.93121,0.92547,0.91955,0.91345,0.90716,0.90069,0.89398,0.88714,0.88012,0.87292,...
    0.86559,0.85808,0.85039,0.84258,0.83465,0.82653,0.81829,0.80992,0.80144,0.79283,...
    0.78411,0.77525,0.76634,0.75731,0.74815,0.73900,0.72966,0.72032,0.71086,0.70140,...
    0.69181,0.68217,0.67253,0.66282,0.65305,0.64323,0.63340,0.62357,0.61368,0.60380,...
    0.59391,0.58402,0.57413,0.56424,0.55436,0.54447,0.53464,0.52481,0.51499,0.50522,...
    0.49551,0.48581,0.47610,0.46652,0.45694,0.44742,0.43795,0.42855,0.41922,0.40994,...
    0.40072,0.39163,0.38253,0.37356,0.36471,0.35592,0.34719,0.33858,0.33004,0.32161,...
    0.31325,0.30501,0.29689,0.28884,0.28090,0.27309,0.26534,0.25771,0.25026,0.24281,...
    0.23555,0.22841,0.22139,0.21449,0.20772,0.20100,0.19447,0.18806,0.18171,0.17555,...
    0.16944,0.16346,0.15760,0.15193,0.14631,0.14082,0.13545,0.13020,0.12513,0.12012,...
    0.11524,0.11048,0.10584,0.10132,0.09693,0.09266,0.08851,0.08442,0.08051,0.07666,...
    0.07300,0.06946,0.06604,0.06293,0.06006,0.05750,0.05530,0.05347,0.05201,0.05078,...
    0.04950,0.04804,0.04627,0.04389,0.04077,0.03687,0.03229,0.02735,0.02222,0.01727,...
    0.01270,0.00873,0.00562,0.00330,0.00171,0.00073,0.00018,0,0];

end