function rf = get_ks_inv_invI0()

rf = [0,0.00098,0.00476,0.01325,0.02863,0.05109,0.07612,0.09815,0.11140,0.11085,0.09864,0.07984,0.05970,...
    0.04383,0.03400,0.02875,0.02643,0.02527,0.02405,0.02258,0.02088,0.01898,0.01685,0.01453,0.01196,0.00922,...
    0.00623,0.00299,-0.00043,-0.00409,-0.00800,-0.01209,-0.01636,-0.02075,-0.02539,-0.03015,-0.03510,-0.04016,...
    -0.04535,-0.05060,-0.05603,-0.06147,-0.06696,-0.07251,-0.07813,-0.08368,-0.08924,-0.09479,-0.10023,-0.10554,...
    -0.11079,-0.11585,-0.12080,-0.12550,-0.12995,-0.13422,-0.13813,-0.14173,-0.14497,-0.14790,-0.15034,-0.15241,...
    -0.15406,-0.15516,-0.15577,-0.15577,-0.15516,-0.15400,-0.15217,-0.14973,-0.14655,-0.14271,-0.13807,-0.13264,...
    -0.12635,-0.11921,-0.11121,-0.10236,-0.09272,-0.08216,-0.07074,-0.05841,-0.04523,-0.03119,-0.01618,-0.00012,...
    0.01685,0.03491,0.05414,0.07435,0.09553,0.11774,0.14100,0.16523,0.19050,0.21681,0.24416,0.27242,0.30165,...
    0.33169,0.36257,0.39419,0.42654,0.45956,0.49319,0.52725,0.56162,0.59623,0.63078,0.66514,0.69914,0.73259,...
    0.76518,0.79674,0.82695,0.85564,0.88238,0.90704,0.92919,0.94879,0.96545,0.97906,0.98944,0.99646,1,1,0.99646,...
    0.98944,0.97906,0.96545,0.94879,0.92919,0.90704,0.88238,0.85564,0.82695,0.79674,0.76518,0.73253,0.69914,...
    0.66514,0.63078,0.59623,0.56162,0.52725,0.49319,0.45956,0.42654,0.39419,0.36257,0.33169,0.30165,0.27242,...
    0.24416,0.21681,0.19050,0.16523,0.14100,0.11774,0.09553,0.07428,0.05408,0.03491,0.01679,-0.00018,-0.01618,...
    -0.03119,-0.04529,-0.05848,-0.07074,-0.08216,-0.09272,-0.10242,-0.11127,-0.11927,-0.12641,-0.13270,-0.13813,...
    -0.14271,-0.14662,-0.14973,-0.15223,-0.15400,-0.15522,-0.15577,-0.15577,-0.15522,-0.15406,-0.15248,-0.15040,...
    -0.14790,-0.14503,-0.14173,-0.13813,-0.13422,-0.13001,-0.12550,-0.12080,-0.11591,-0.11079,-0.10560,-0.10023,...
    -0.09479,-0.08930,-0.08375,-0.07813,-0.07258,-0.06702,-0.06147,-0.05603,-0.05066,-0.04535,-0.04016,-0.03510,...
    -0.03021,-0.02545,-0.02081,-0.01636,-0.01209,-0.00800,-0.00415,-0.00043,0.00293,0.00616,0.00916,0.01196,...
    0.01453,0.01685,0.01898,0.02088,0.02252,0.02399,0.02521,0.02637,0.02869,0.03394,0.04383,0.05970,0.07978,...
    0.09858,0.11079,0.11133,0.09815,0.07605,0.05109,0.02863,0.01325,0.00470,0.00098,0];
end